2067.79120879
2067.73626374
2067.74725275
2067.83516484
2067.71428571
2067.84615385
2067.92307692
2067.76923077
2067.72527473
2067.87912088
2067.83516484
2067.81318681
2067.92307692
2067.87912088
2067.95604396
2067.83516484
2067.9010989
2067.85714286
2067.83516484
2067.75824176
2067.72527473
2067.72527473
2067.71428571
2067.64835165
2067.67032967
2067.63736264
2067.75824176
2067.85714286
2067.75824176
2067.79120879
2067.92307692
2067.89010989
2067.76923077
2067.68131868
2067.65934066
2067.74725275
2067.59340659
2067.59340659
2067.58241758
2067.69230769
2067.67032967
2067.6043956
2067.62637363
2067.40659341
2067.51648352
2067.42857143
2067.57142857
2067.64835165
2067.79120879
2067.72527473
2067.74725275
2067.63736264
2067.68131868
2067.8021978
2067.84615385
2067.98901099
2068.05494505
2067.97802198
2067.97802198
2067.98901099
2068.01098901
2068.08791209
2068.16483516
2068.16483516
2068.31868132
2068.31868132
2068.38461538
2068.42857143
2068.3956044
2068.37362637
2068.27472527
2068.31868132
2068.1978022
2068.24175824
2068.23076923
2068.3956044
2068.36263736
2068.21978022
2068.1978022
2068.20879121
2068.0989011
2068.03296703
2068.04395604
2068.02197802
2067.98901099
2067.97802198
2067.94505495
2067.85714286
2067.82417582
2067.95604396
2068.04395604
2068.03296703
2068.13186813
2068.10989011
2068.24175824
2068.35164835
2068.31868132
2068.20879121
2068.2967033
2068.35164835
2068.25274725
2068.30769231
2068.38461538
2068.28571429
2068.36263736
2068.25274725
2068.20879121
2068.21978022
2068.17582418
2068.27472527
2068.35164835
2068.30769231
2068.41758242
2068.53846154
2068.46153846
2068.45054945
2068.41758242
2068.30769231
2068.1978022
2068.25274725
2068.40659341
2068.45054945
2068.41758242
2068.43956044
2068.41758242
2068.12087912
2068.03296703
2068.05494505
2067.94505495
2067.92307692
2068.04395604
2068.02197802
2068.03296703
2068.01098901
2068.02197802
2067.98901099
2068.05494505
2067.92307692
2067.96703297
2067.92307692
2067.98901099
2067.95604396
2067.93406593
2067.9010989
2067.84615385
2067.86813187
2067.85714286
2067.83516484
2067.91208791
2067.81318681
2067.86813187
2067.76923077
2067.72527473
2067.84615385
2067.94505495
2067.9010989
2068.0
2068.07692308
2067.96703297
2067.9010989
2067.94505495
2067.98901099
2067.96703297
2067.94505495
2067.89010989
2067.82417582
2067.72527473
2067.76923077
2068.02197802
2068.1978022
2068.1978022
2068.21978022
2068.17582418
2068.15384615
2068.03296703
2068.07692308
2068.08791209
2068.17582418
2068.26373626
2068.31868132
2068.2967033
2068.10989011
2068.18681319
2068.16483516
2068.13186813
2068.03296703
2068.0
2067.9010989
2067.86813187
2067.81318681
2067.72527473
2067.82417582
2067.63736264
2067.68131868
2067.73626374
2067.71428571
2067.72527473
2067.75824176
2067.73626374
2067.62637363
2067.58241758
2067.51648352
2067.42857143
2067.30769231
2067.25274725
2067.20879121
2067.08791209
2066.69230769
2066.73626374
2066.75824176
2066.63736264
2066.47252747
2066.32967033
2066.40659341
2066.45054945
2066.20879121
2066.26373626
2066.34065934
2066.36263736
2066.57142857
2066.76923077
2066.68131868
2066.6043956
2066.69230769
2066.59340659
2066.57142857
2066.61538462
2066.49450549
2066.56043956
2066.67032967
2066.78021978
2066.64835165
2066.64835165
2066.72527473
2066.63736264
2066.73626374
2066.74725275
2066.72527473
2066.82417582
2066.82417582
2066.84615385
2066.72527473
2066.72527473
2066.63736264
2066.3956044
2066.21978022
2066.35164835
2066.21978022
2066.21978022
2066.1978022
2066.24175824
2066.28571429
2066.31868132
2066.40659341
2066.51648352
2066.69230769
2066.81318681
2066.74725275
2066.71428571
2066.59340659
2066.50549451
2066.38461538
2066.31868132
2066.31868132
2066.36263736
2066.52747253
2066.54945055
2066.62637363
2066.46153846
2066.46153846
2066.34065934
2066.32967033
2066.54945055
2066.47252747
2066.40659341
2066.49450549
2066.54945055
2066.48351648
2066.68131868
2066.81318681
2066.84615385
2066.93406593
2066.93406593
2067.01098901
2067.05494505
2067.14285714
2067.13186813
2067.12087912
2067.25274725
2067.02197802
2067.16483516
2067.18681319
2067.28571429
2067.42857143
2067.53846154
2067.52747253
2067.67032967
2067.75824176
2067.9010989
2067.86813187
2067.97802198
2067.97802198
2068.17582418
2068.27472527
2068.18681319
2068.1978022
2068.46153846
2068.42857143
2068.36263736
2068.40659341
2068.31868132
2068.15384615
2068.17582418
2068.26373626
2068.18681319
2068.27472527
2068.27472527
2068.27472527
2068.53846154
2068.67032967
2068.61538462
2068.65934066
2068.87912088
2068.84615385
2068.86813187
2069.02197802
2069.0
2068.95604396
2068.95604396
2068.86813187
2068.97802198
2068.86813187
2068.94505495
2069.05494505
2069.0
2069.04395604
2069.08791209
2068.81318681
2068.87912088
2068.81318681
2068.82417582
2068.78021978
2068.69230769
2068.76923077
2068.73626374
2068.74725275
2068.59340659
2068.48351648
2068.56043956
2068.47252747
2068.61538462
2068.52747253
2068.6043956
2068.67032967
2068.79120879
2068.78021978
2068.74725275
2068.8021978
2068.71428571
2068.91208791
2068.92307692
2068.97802198
2069.02197802
2068.84615385
2068.87912088
2068.85714286
2068.8021978
2068.84615385
2068.9010989
2068.73626374
2068.7032967
2068.37362637
2068.35164835
2068.26373626
2068.24175824
2068.30769231
2068.20879121
2068.04395604
2067.96703297
2067.85714286
2067.89010989
2067.83516484
2067.83516484
2067.74725275
2067.85714286
2067.89010989
2067.85714286
2067.79120879
2067.75824176
2067.67032967
2067.71428571
2067.63736264
2067.65934066
2067.57142857
2067.54945055
2067.52747253
2067.49450549
2067.35164835
2067.36263736
2067.2967033
2067.24175824
2067.28571429
2067.1978022
2067.25274725
2067.23076923
2067.23076923
2067.13186813
2067.10989011
2066.95604396
2066.91208791
2066.87912088
2066.83516484
2066.81318681
2066.57142857
2066.50549451
2066.45054945
2066.47252747
2066.38461538
2066.42857143
2066.3956044
2066.42857143
2066.47252747
2066.47252747
2066.47252747
2066.47252747
2066.58241758
2066.61538462
2066.54945055
2066.65934066
2066.7032967
2066.71428571
2066.72527473
2066.75824176
2066.71428571
2066.59340659
2066.46153846
2066.37362637
2066.49450549
2066.6043956
2066.45054945
2066.56043956
2066.47252747
2066.61538462
2066.61538462
2066.57142857
2066.50549451
2066.42857143
2066.23076923
2066.21978022
2066.32967033
2066.17582418
2066.08791209
2066.03296703
2065.62637363
2065.73626374
2065.73626374
2065.87912088
2065.86813187
2065.9010989
2065.79120879
2065.84615385
2065.82417582
2065.92307692
2065.84615385
2065.92307692
2065.92307692
2065.89010989
2065.87912088
2065.96703297
2066.01098901
2065.97802198
2065.86813187
2066.03296703
2065.96703297
2066.0989011
2065.98901099
2066.01098901
2066.06593407
2066.16483516
2066.28571429
2066.2967033
2066.23076923
2066.20879121
2066.27472527
2066.26373626
2066.24175824
2066.28571429
2066.21978022
2066.28571429
2066.21978022
2066.35164835
2066.32967033
2066.27472527
2066.1978022
2066.20879121
2066.23076923
2066.25274725
2066.3956044
2066.43956044
2066.57142857
2066.43956044
2066.26373626
2066.31868132
2066.2967033
2066.45054945
2066.62637363
2066.57142857
2066.59340659
2066.57142857
2066.54945055
2066.50549451
2066.43956044
2066.38461538
2066.46153846
2066.45054945
2066.47252747
2066.40659341
2066.37362637
2066.36263736
2066.42857143
2066.37362637
2066.46153846
2066.47252747
2066.54945055
2066.64835165
2066.74725275
2066.84615385
2066.86813187
2066.78021978
2066.82417582
2067.04395604
2066.98901099
2067.06593407
2067.04395604
2067.02197802
2066.82417582
2066.78021978
2066.85714286
2066.98901099
2067.0
2066.98901099
2067.08791209
2067.23076923
2067.34065934
2067.24175824
2067.25274725
2067.23076923
2067.18681319
2067.30769231
2067.32967033
2067.3956044
2067.32967033
2067.27472527
2067.20879121
2067.25274725
2067.24175824
2067.27472527
2067.23076923
2067.2967033
2067.24175824
2067.32967033
2067.40659341
2067.47252747
2067.26373626
2067.27472527
2067.16483516
2067.3956044
2067.45054945
2067.42857143
2067.45054945
2067.46153846
2067.58241758
2067.62637363
2067.58241758
2067.61538462
2067.56043956
2067.68131868
2067.57142857
2067.63736264
2067.61538462
2067.73626374
2067.69230769
2067.71428571
2067.75824176
2067.94505495
2067.86813187
2067.83516484
2067.79120879
2067.76923077
2067.71428571
2067.64835165
2067.75824176
2067.72527473
2067.61538462
2067.62637363
2067.65934066
2067.62637363
2067.54945055
2067.46153846
2067.46153846
2067.45054945
2067.54945055
2067.42857143
2067.36263736
2067.47252747
2067.46153846
2067.41758242
2067.50549451
2067.59340659
2067.68131868
2067.57142857
2067.54945055
2067.50549451
2067.52747253
2067.51648352
2067.42857143
2067.40659341
2067.23076923
2067.31868132
2067.36263736
2067.21978022
2067.30769231
2067.40659341
2067.36263736
2067.31868132
2067.27472527
2067.26373626
2067.31868132
2067.35164835
2067.42857143
2067.47252747
2067.43956044
2067.34065934
2067.18681319
2067.13186813
2067.26373626
2067.26373626
2067.26373626
2067.21978022
2067.27472527
2067.10989011
2067.08791209
2067.15384615
2067.20879121
2067.12087912
2067.12087912
2067.04395604
2067.04395604
2067.05494505
2067.16483516
2067.18681319
2067.25274725
2067.35164835
2067.28571429
2067.37362637
2067.35164835
2067.43956044
2067.41758242
2067.35164835
2067.42857143
2067.36263736
2067.31868132
2067.27472527
2067.36263736
2067.31868132
2067.20879121
2067.25274725
2067.27472527
2067.27472527
2067.07692308
2067.07692308
2066.98901099
2066.92307692
2066.95604396
2066.93406593
2066.86813187
2066.91208791
2066.83516484
2066.82417582
2066.73626374
2066.74725275
2066.72527473
2066.71428571
2066.9010989
2066.98901099
2067.16483516
2067.14285714
2067.05494505
2067.1978022
2067.31868132
2067.38461538
2067.31868132
2067.36263736
2067.57142857
2067.69230769
2067.64835165
2067.58241758
2067.43956044
2067.52747253
2067.26373626
2067.26373626
2067.27472527
2067.2967033
2067.43956044
2067.34065934
2067.28571429
2067.2967033
2067.38461538
2067.24175824
2067.28571429
2067.35164835
2067.3956044
2067.36263736
2067.3956044
2067.37362637
2067.40659341
2067.51648352
2067.47252747
2067.50549451
2067.32967033
2067.28571429
2067.43956044
2067.49450549
2067.52747253
2067.65934066
2067.68131868
2067.7032967
2067.68131868
2067.73626374
2067.8021978
2067.71428571
2067.8021978
2067.71428571
2067.72527473
2067.63736264
2067.68131868
2067.7032967
2067.74725275
2067.76923077
2067.83516484
2067.8021978
2067.76923077
2067.67032967
2067.6043956
2067.7032967
2067.75824176
2067.71428571
2067.54945055
2067.47252747
2067.56043956
2067.41758242
2067.41758242
2067.45054945
2067.42857143
2067.2967033
2067.41758242
2067.59340659
2067.58241758
2067.57142857
2067.71428571
2067.87912088
2067.91208791
2067.92307692
2067.93406593
2067.8021978
2067.87912088
2067.85714286
2067.87912088
2067.93406593
2067.89010989
2067.87912088
2068.01098901
2068.01098901
2067.96703297
2067.84615385
2067.75824176
2067.63736264
2067.63736264
2067.67032967
2067.67032967
2067.53846154
2067.26373626
2067.21978022
2067.17582418
2067.24175824
2067.28571429
2067.2967033
2067.35164835
2067.42857143
2067.40659341
2067.16483516
2067.10989011
2067.01098901
2067.0
2067.01098901
2067.20879121
2067.24175824
2067.24175824
2067.21978022
2067.27472527
2067.27472527
2067.23076923
2067.34065934
2067.20879121
2067.14285714
2067.06593407
2067.0989011
2067.04395604
2067.06593407
2067.01098901
2067.18681319
2067.18681319
2067.10989011
2067.0989011
2067.18681319
2067.15384615
2067.17582418
2067.10989011
2067.08791209
2067.0989011
2067.05494505
2067.14285714
2067.21978022
2067.24175824
2067.20879121
2067.21978022
2067.26373626
2067.21978022
2067.21978022
2067.20879121
2067.24175824
2067.17582418
2067.23076923
2067.10989011
2067.04395604
2067.06593407
2067.05494505
2067.07692308
2067.04395604
2067.0
2067.0
2067.14285714
2067.08791209
2067.06593407
2067.10989011
2067.23076923
2067.15384615
2067.01098901
2067.04395604
2067.10989011
2067.07692308
2066.97802198
2066.97802198
2066.97802198
2067.02197802
2067.08791209
2066.95604396
2067.03296703
2067.08791209
2067.15384615
2067.24175824
2067.1978022
2067.01098901
2066.83516484
2066.85714286
2066.92307692
2066.98901099
2067.0989011
2067.08791209
2067.06593407
2067.06593407
2067.10989011
2067.12087912
2067.17582418
2067.15384615
2067.10989011
2067.10989011
2067.04395604
2067.06593407
2067.02197802
2067.0
2067.14285714
2067.12087912
2067.24175824
2067.24175824
2067.20879121
2067.26373626
2067.12087912
2067.14285714
2067.16483516
2067.08791209
2066.98901099
2067.0
2067.0
2067.16483516
2067.1978022
2067.23076923
2067.17582418
2067.13186813
2067.06593407
2067.08791209
2067.0
2066.94505495
2066.84615385
2066.81318681
2066.69230769
2066.68131868
2066.61538462
2066.68131868
2066.57142857
2066.57142857
2066.56043956
2066.46153846
2066.46153846
2066.51648352
2066.49450549
2066.58241758
2066.51648352
2066.58241758
2066.6043956
2066.42857143
2066.2967033
2066.30769231
2066.2967033
2066.3956044
2066.38461538
2066.32967033
2066.38461538
2066.50549451
2066.6043956
2066.65934066
2066.76923077
2066.68131868
2066.76923077
2066.7032967
2066.65934066
2066.48351648
2066.58241758
2066.6043956
2066.62637363
2066.69230769
2066.76923077
2066.91208791
2066.94505495
2066.97802198
2066.61538462
2066.68131868
2066.74725275
2066.8021978
2066.83516484
2066.82417582
2066.76923077
2066.94505495
2067.05494505
2066.97802198
2066.85714286
2066.89010989
2066.83516484
2066.74725275
2066.71428571
2066.73626374
2066.76923077
2066.73626374
2066.61538462
2066.7032967
2066.79120879
2066.73626374
2066.75824176
2066.81318681
2066.69230769
2066.8021978
2066.73626374
2066.65934066
2066.59340659
2066.51648352
2066.53846154
2066.63736264
2066.59340659
2066.68131868
2066.79120879
2066.69230769
2066.75824176
2066.71428571
2066.56043956
2066.59340659
2066.54945055
2066.52747253
2066.46153846
2066.42857143
2066.49450549
2066.54945055
2066.48351648
2066.46153846
2066.50549451
2066.64835165
2066.75824176
2066.83516484
2066.89010989
2066.89010989
2066.87912088
2066.89010989
2066.72527473
2066.7032967
2066.74725275
2066.75824176
2066.8021978
2066.8021978
2066.79120879
2066.81318681
2066.89010989
2066.79120879
2066.94505495
2066.87912088
2066.83516484
2066.78021978
2066.69230769
2066.73626374
2066.69230769
2066.65934066
2066.37362637
2066.40659341
2066.30769231
2066.27472527
2066.31868132
2066.26373626
