2051
2051
2035
2036
2027
2036
2063
2058
2060
2059
2048
2032
2042
2031
2029
2035
2054
2052
2053
2054
2033
2027
2031
2039
2030
2059
2055
2060
2061
2041
2031
2038
2032
2034
2067
2062
2060
2065
2031
2034
2024
2040
2032
2063
2059
2062
2058
2034
2037
2038
2032
2033
2063
2057
2055
2060
2037
2016
2044
2031
2027
2049
2051
2057
2067
2045
2029
2045
2038
2036
2064
2063
2057
2059
2043
2040
2030
2034
2032
2057
2056
2056
2062
2044
2034
2026
2029
2039
2059
2056
2056
2059
2056
2044
2038
2031
2037
2031
2060
2070
2068
2062
2031
2027
2042
2039
2034
2061
2066
2052
2057
2036
2041
2026
2037
2036
2055
2062
2062
2056
2038
2035
2037
2034
2024
2061
2049
2054
2059
2040
2031
2035
2028
2028
2067
2059
2059
2063
2041
2029
2035
2026
2031
2057
2064
2057
2047
2041
2031
2037
2034
2030
2049
2061
2049
2053
2040
2038
2036
2033
2034
2054
2060
2056
2056
2043
2043
2030
2037
2030
2055
2060
2044
2065
2049
2031
2030
2042
2033
2023
2046
2062
2065
2054
2035
2021
2031
2037
2038
2053
2060
2068
2052
2036
2035
2039
2031
2036
2063
2059
2062
2068
2050
2027
2031
2032
2022
2055
2071
2062
2057
2038
2025
2038
2042
2034
2061
2065
2062
2047
2039
2027
2040
2027
2035
2071
2057
2065
2055
2041
2035
2024
2034
2023
2067
2061
2056
2059
2048
2032
2034
2031
2031
2061
2062
2061
2064
2058
2043
2026
2045
2038
2059
2056
2056
2057
2056
2030
2039
2024
2039
2033
2062
2054
2061
2054
2037
2035
2043
2037
2041
2059
2062
2068
2068
2033
2035
2036
2043
2028
2061
2055
2054
2055
2027
2029
2030
2030
2042
2055
2059
2058
2062
2035
2027
2035
2034
2034
2075
2065
2058
2050
2045
2033
2043
2044
2037
2049
2065
2059
2055
2047
2036
2029
2030
2042
2063
2068
2061
2059
2042
2027
2036
2038
2035
2068
2056
2056
2064
2046
2042
2040
2027
2031
2065
2052
2063
2056
2048
2030
2038
2028
2027
2032
2054
2056
2060
2050
2029
2031
2038
2049
2029
2051
2066
2048
2059
2040
2026
2036
2033
2040
2047
2062
2055
2058
2040
2035
2039
2038
2038
2055
2065
2054
2061
2036
2041
2033
2037
2040
2061
2065
2055
2054
2041
2027
2033
2036
2031
2053
2057
2059
2053
2053
2020
2027
2030
2039
2052
2065
2047
2059
2039
2028
2028
2031
2031
2062
2052
2061
2058
2045
2032
2036
2019
2026
2054
2062
2062
2053
2050
2031
2031
2039
2039
2041
2058
2060
2052
2059
2037
2023
2039
2033
2032
2070
2054
2060
2056
2038
2035
2040
2034
2029
2059
2066
2060
2048
2042
2031
2041
2030
2036
2047
2065
2052
2054
2035
2025
2023
2034
2038
2059
2065
2065
2058
2029
2025
2039
2027
2029
2055
2069
2049
2054
2039
2029
2029
2026
2033
2057
2060
2065
2062
2036
2037
2030
2032
2032
2063
2068
2068
2041
2050
2031
2034
2025
2034
2070
2054
2068
2065
2056
2036
2031
2025
2029
2039
2055
2054
2063
2060
2031
2024
2033
2043
2036
2045
2054
2052
2052
2044
2028
2037
2034
2038
2055
2064
2076
2057
2036
2025
2026
2036
2036
2065
2055
2058
2061
2046
2027
2031
2034
2034
2051
2057
2070
2055
2037
2022
2036
2026
2031
2045
2049
2059
2063
2035
2029
2030
2028
2025
2058
2068
2053
2058
2048
2040
2022
2032
2031
2068
2060
2052
2058
2048
2030
2026
2037
2027
2057
2076
2060
2057
2048
2034
2026
2033
2035
2040
2058
2056
2068
2053
2029
2039
2028
2031
2032
2047
2070
2056
2061
2037
2032
2034
2026
2036
2063
2039
2060
2052
2042
2021
2043
2042
2032
2071
2051
2055
2055
2035
2031
2030
2034
2031
2061
2059
2064
2052
2039
2026
2037
2037
2033
2067
2049
2053
2066
2051
2033
2033
2038
2036
2062
2061
2057
2055
2039
2033
2040
2040
2019
2056
2056
2053
2043
2048
2038
2040
2043
2034
2059
2050
2052
2063
2064
2017
2033
2027
2027
2037
2060
2052
2061
2057
2023
2034
2046
2039
2028
2051
2052
2068
2048
2039
2030
2028
2030
2038
2055
2062
2071
2056
2048
2033
2045
2036
2031
2059
2051
2070
2054
2046
2033
2027
2028
2034
2061
2071
2059
2054
2051
2029
2024
2021
2042
2067
2057
2059
2055
2053
2025
2024
2030
2038
2058
2060
2057
2065
2044
2036
2042
2040
2039
2061
2061
2065
2058
2054
2032
2029
2033
2037
2062
2060
2056
2061
2041
2024
2031
2036
2033
2043
2062
2062
2049
2057
2041
2034
2037
2033
2036
2066
2063
2056
2053
2039
2034
2036
2037
2033
2055
2059
2062
2057
2031
2021
2031
2044
2034
2055
2051
2058
2058
2032
2039
2041
2028
2040
2063
2059
2064
2060
2047
2038
2026
2038
2036
2059
2061
2067
2057
2043
2037
2035
2032
2039
2063
2057
2053
2045
2048
2032
2040
2034
2029
2065
2056
2045
2058
2043
2030
2018
2027
2042
2055
2062
2063
2065
2048
2034
2039
2038
2035
2027
2054
2063
2063
2054
2039
2033
2032
2027
2033
2071
2055
2060
2049
2028
2034
2036
2029
2029
2051
2062
2052
2061
2034
2031
2043
2042
2040
2067
2065
2055
2062
2037
2031
2027
2021
2031
2061
2065
2059
2054
2035
2027
2028
2030
2033
2055
2047
2057
2055
2035
2041
2031
2034
2032
2054
2056
2057
2059
2054
2023
2038
2028
2023
2055
2056
2060
2057
2044
2038
2032
2031
2032
2053
2066
2062
2049
2053
2028
2029
2028
2027
2040
2052
2068
2061
2056
2031
2022
2038
2029
2038
2070
2054
2052
2053
2036
2029
2038
2027
2038
2059
2054
2054
2057
2040
2023
2043
2036
2026
2063
2059
2058
2052
2047
2037
2027
2036
2028
2061
2063
2054
2054
2037
2043
2032
2046
2031
2073
2057
2065
2055
2045
2042
2021
2036
2029
2066
2057
2056
2059
2046
2037
2026
2033
2026
2052
2056
2061
2041
2044
2040
2023
2031
2031
2053
2062
2060
2056
2049
2028
2040
2028
2033
2029
2062
2062
2063
2059
2031
2031
2033
2037
2032
2059
2058
2060
2056
2038
2032
2022
2021
2032
2063
2054
2068
2052
2038
2031
